<svg xmlns="http://www.w3.org/2000/svg" xmlns:xlink="http://www.w3.org/1999/xlink" preserveAspectRatio="xMidYMid" width="800" height="300" viewBox="0 0 800 300">
  <defs>
    <style>
      .cls-1 {
        fill: #000;
        fill-rule: evenodd;
      }
    </style>
  </defs>
  <path d="M646.698,134.399 C644.298,134.399 642.514,134.733 641.348,135.399 C640.181,136.066 639.598,137.266 639.598,138.999 C639.598,140.733 640.181,141.949 641.348,142.649 C642.514,143.349 644.298,143.699 646.698,143.699 L683.098,143.699 C691.298,143.699 697.531,145.216 701.798,148.249 C706.064,151.283 708.198,155.866 708.198,161.999 C708.198,165.399 707.664,168.466 706.598,171.199 C705.531,173.933 703.831,176.233 701.498,178.099 C699.164,179.966 696.181,181.399 692.548,182.399 C688.914,183.399 684.564,183.899 679.498,183.899 L617.198,183.899 L630.498,166.699 L681.098,166.699 C683.564,166.699 685.364,166.316 686.498,165.549 C687.631,164.783 688.198,163.533 688.198,161.799 C688.198,160.066 687.631,158.833 686.498,158.099 C685.364,157.366 683.564,156.999 681.098,156.999 L644.698,156.999 C640.364,156.999 636.631,156.533 633.498,155.599 C630.364,154.666 627.764,153.366 625.698,151.699 C623.631,150.033 622.098,148.016 621.098,145.649 C620.098,143.283 619.598,140.666 619.598,137.799 C619.598,134.666 620.148,131.816 621.248,129.249 C622.348,126.683 624.048,124.499 626.348,122.699 C628.648,120.899 631.614,119.499 635.248,118.499 C638.881,117.499 643.231,116.999 648.298,116.999 L706.398,116.999 L693.098,134.399 L646.698,134.399 ZM605.449,182.049 C604.415,183.083 603.199,183.833 601.799,184.299 C600.399,184.765 598.965,184.999 597.499,184.999 C596.165,184.999 594.849,184.782 593.549,184.349 C592.249,183.915 590.799,182.933 589.199,181.399 L548.199,144.599 L548.199,183.899 L529.399,183.899 L529.399,128.399 C529.399,126.199 529.715,124.299 530.349,122.699 C530.982,121.099 531.815,119.799 532.849,118.799 C533.882,117.799 535.082,117.066 536.449,116.599 C537.815,116.133 539.232,115.899 540.699,115.899 C541.965,115.899 543.249,116.116 544.549,116.549 C545.849,116.983 547.332,117.966 548.999,119.499 L589.999,156.299 L589.999,116.999 L608.899,116.999 L608.899,172.399 C608.899,174.599 608.582,176.499 607.949,178.099 C607.315,179.699 606.482,181.016 605.449,182.049 ZM470.300,184.999 C453.900,184.999 441.650,182.233 433.550,176.699 C425.450,171.166 421.400,162.399 421.400,150.399 C421.400,138.466 425.465,129.733 433.600,124.199 C441.733,118.666 453.965,115.899 470.300,115.899 C486.565,115.899 498.783,118.666 506.950,124.199 C515.115,129.733 519.200,138.466 519.200,150.399 C519.200,162.399 515.133,171.166 507.000,176.699 C498.865,182.233 486.633,184.999 470.300,184.999 ZM497.100,141.649 C496.100,139.416 494.483,137.683 492.250,136.449 C490.015,135.216 487.100,134.383 483.500,133.949 C479.900,133.516 475.500,133.299 470.300,133.299 C465.100,133.299 460.700,133.516 457.100,133.949 C453.500,134.383 450.583,135.216 448.350,136.449 C446.115,137.683 444.500,139.416 443.500,141.649 C442.500,143.883 442.000,146.799 442.000,150.399 C442.000,153.999 442.500,156.916 443.500,159.149 C444.500,161.383 446.115,163.133 448.350,164.399 C450.583,165.666 453.500,166.516 457.100,166.949 C460.700,167.383 465.100,167.599 470.300,167.599 C475.500,167.599 479.900,167.383 483.500,166.949 C487.100,166.516 490.015,165.666 492.250,164.399 C494.483,163.133 496.100,161.383 497.100,159.149 C498.100,156.916 498.600,153.999 498.600,150.399 C498.600,146.799 498.100,143.883 497.100,141.649 ZM389.901,116.999 L410.601,116.999 L410.601,183.899 L389.901,183.899 L389.901,116.999 ZM346.001,134.399 L346.001,183.899 L325.301,183.899 L325.301,134.399 L293.901,134.399 L307.301,116.999 L383.301,116.999 L369.901,134.399 L346.001,134.399 ZM281.052,159.999 C278.218,162.133 274.768,163.799 270.702,164.999 C266.635,166.199 262.002,166.799 256.802,166.799 L221.802,166.799 L221.802,183.899 L201.202,183.899 L201.202,149.699 L258.802,149.699 C262.002,149.699 264.485,148.999 266.252,147.599 C268.018,146.199 268.902,144.333 268.902,141.999 C268.902,139.666 268.018,137.816 266.252,136.449 C264.485,135.083 262.002,134.399 258.802,134.399 L201.202,134.399 L214.902,116.999 L256.902,116.999 C262.102,116.999 266.735,117.616 270.802,118.849 C274.868,120.083 278.302,121.799 281.102,123.999 C283.902,126.199 286.035,128.833 287.502,131.899 C288.968,134.966 289.702,138.366 289.702,142.099 C289.702,145.833 288.968,149.216 287.502,152.249 C286.035,155.283 283.885,157.866 281.052,159.999 ZM142.002,184.999 C125.602,184.999 113.352,182.233 105.252,176.699 C97.152,171.166 93.102,162.399 93.102,150.399 C93.102,138.466 97.168,129.733 105.302,124.199 C113.435,118.666 125.668,115.899 142.002,115.899 C158.268,115.899 170.485,118.666 178.652,124.199 C186.818,129.733 190.902,138.466 190.902,150.399 C190.902,162.399 186.835,171.166 178.702,176.699 C170.568,182.233 158.335,184.999 142.002,184.999 ZM168.802,141.649 C167.802,139.416 166.185,137.683 163.952,136.449 C161.718,135.216 158.802,134.383 155.202,133.949 C151.602,133.516 147.202,133.299 142.002,133.299 C136.802,133.299 132.402,133.516 128.802,133.949 C125.202,134.383 122.285,135.216 120.052,136.449 C117.818,137.683 116.202,139.416 115.202,141.649 C114.202,143.883 113.702,146.799 113.702,150.399 C113.702,153.999 114.202,156.916 115.202,159.149 C116.202,161.383 117.818,163.133 120.052,164.399 C122.285,165.666 125.202,166.516 128.802,166.949 C132.402,167.383 136.802,167.599 142.002,167.599 C147.202,167.599 151.602,167.383 155.202,166.949 C158.802,166.516 161.718,165.666 163.952,164.399 C166.185,163.133 167.802,161.383 168.802,159.149 C169.802,156.916 170.302,153.999 170.302,150.399 C170.302,146.799 169.802,143.883 168.802,141.649 Z" class="cls-1"/>
</svg>
